=================================================
Quick Sort
=================================================
Divide and Conquer Approach
Pivot elements -> Spliting into 2
1 split which is smaller than the pivot to left side through swaping {no sorting required}
same on >
then split the list and swap and sort.
------------------------------------------------
8,7,6,1,0,9,2*

1,7,6,8,0,9,2
1,0,6,8,7,9,2
1,0,2,8,7,9,6

1,0     8,7,9,6
0,1     6,7,9,8
        6,7,8,9
0,1,2,6,7,8,9
------------------------------------------------
a. 11,16,2,8,1,9,4,7*
2,16,11,8,1,9,4,7
2,1,11,8,16,9,4,7
2,1,4,8,16,9,11,7
2,1,4,7,16,9,11,8

2,1,4   16,9,11,8
1,2,4   8,9,11,16{4 will also a pivot}
1,2,4,7,8,9,11,16
----------------------------------------
b. 9,7,5,11,12,2,14,3,10,6*
5,7,9,11,12,2,14,3,10,6
5,2,9,11,12,7,14,3,10,6
5,2,3,11,12,7,14,9,10,6
5,2,3,6,12,7,14,9,10,11

5,2,3   12,7,14,9,10,11
2,3,5   7,12,14,9,10,11
        7,9,14,12,10,11
        7,9,10,12,14,11
        7,9,10,11,14,12
        7,9,10 {11} 14,12
        7,9,10     12,14

        7,9,10,11,12,14
--------------------------------
c. 2,8,7,1,3,5,6,4*
2,1,7,8,3,5,6,4
2,1,3,8,7,5,6,4
2,1,3,4,7,5,6,8

2,1,3   7,5,6,8
1,2,3   5,7,6,8
        5,6,7,8

1,2,3,4,5,6,7,8
-------------------------------